62.45	62.25	61.25	60.9
62.25	62.45	62.25	61.25
62.25	62.25	62.45	62.25
63.25	62.25	62.25	62.45
62.65	63.25	62.25	62.25
64	62.65	63.25	62.25
64.9	64	62.65	63.25
65.55	64.9	64	62.65
65.9	65.55	64.9	64
64	65.9	65.55	64.9
64.5	64	65.9	65.55
64.45	64.5	64	65.9
64.1	64.45	64.5	64
63.1	64.1	64.45	64.5
62.5	63.1	64.1	64.45
63	62.5	63.1	64.1
64.2	63	62.5	63.1
65.4	64.2	63	62.5
69.5	65.4	64.2	63
72.8	69.5	65.4	64.2
74.85	72.8	69.5	65.4
74	74.85	72.8	69.5
74.5	74	74.85	72.8
75.5	74.5	74	74.85
75.4	75.5	74.5	74
73.65	75.4	75.5	74.5
71.7	73.65	75.4	75.5
72.25	71.7	73.65	75.4
73.1	72.25	71.7	73.65
73.5	73.1	72.25	71.7
72.75	73.5	73.1	72.25
72.4	72.75	73.5	73.1
72.95	72.4	72.75	73.5
73	72.95	72.4	72.75
72.8	73	72.95	72.4
72.7	72.8	73	72.95
73.5	72.7	72.8	73
73	73.5	72.7	72.8
70.8	73	73.5	72.7
70	70.8	73	73.5
71.15	70	70.8	73
70	71.15	70	70.8
70	70	71.15	70
71	70	70	71.15
70.5	71	70	70
70	70.5	71	70
70.7	70	70.5	71
70	70.7	70	70.5
70.2	70	70.7	70
71	70.2	70	70.7
70.85	71	70.2	70
68	70.85	71	70.2
69.95	68	70.85	71
69.8	69.95	68	70.85
69.3	69.8	69.95	68
68.95	69.3	69.8	69.95
69.65	68.95	69.3	69.8
70.2	69.65	68.95	69.3
69.9	70.2	69.65	68.95
66.85	69.9	70.2	69.65
68.4	66.85	69.9	70.2
67.9	68.4	66.85	69.9
67	67.9	68.4	66.85
66.6	67	67.9	68.4
66.5	66.6	67	67.9
69	66.5	66.6	67
69.5	69	66.5	66.6
68.75	69.5	69	66.5
69.4	68.75	69.5	69
69	69.4	68.75	69.5
69.75	69	69.4	68.75
69.5	69.75	69	69.4
68.5	69.5	69.75	69
68	68.5	69.5	69.75
68.5	68	68.5	69.5
68.25	68.5	68	68.5
68.01	68.25	68.5	68
68	68.01	68.25	68.5
66.7	68	68.01	68.25
67	66.7	68	68.01
67	67	66.7	68
66.75	67	67	66.7
67.1	66.75	67	67
67	67.1	66.75	67
67.8	67	67.1	66.75
69.35	67.8	67	67.1
71	69.35	67.8	67
69.6	71	69.35	67.8
69.69	69.6	71	69.35
69.45	69.69	69.6	71
69.49	69.45	69.69	69.6
72.5	69.49	69.45	69.69
73.95	72.5	69.49	69.45
73.2	73.95	72.5	69.49
73.65	73.2	73.95	72.5
75	73.65	73.2	73.95
80	75	73.65	73.2
79.4	80	75	73.65
80.3	79.4	80	75
81	80.3	79.4	80
84	81	80.3	79.4
83.8	84	81	80.3
83	83.8	84	81
82.5	83	83.8	84
84	82.5	83	83.8
83.99	84	82.5	83
83.8	83.99	84	82.5
83.38	83.8	83.99	84
86	83.38	83.8	83.99
88.5	86	83.38	83.8
88.44	88.5	86	83.38
88	88.44	88.5	86
91	88	88.44	88.5
90.5	91	88	88.44
89.7	90.5	91	88
86.65	89.7	90.5	91
89.88	86.65	89.7	90.5
90.29	89.88	86.65	89.7
93.9	90.29	89.88	86.65
94	93.9	90.29	89.88
90.7	94	93.9	90.29
90	90.7	94	93.9
88.7	90	90.7	94
87.21	88.7	90	90.7
86.3	87.21	88.7	90
84.99	86.3	87.21	88.7
89.5	84.99	86.3	87.21
90	89.5	84.99	86.3
89.5	90	89.5	84.99
87.5	89.5	90	89.5
86.5	87.5	89.5	90
84	86.5	87.5	89.5
85.45	84	86.5	87.5
86.9	85.45	84	86.5
87	86.9	85.45	84
87	87	86.9	85.45
88.65	87	87	86.9
88	88.65	87	87
86.5	88	88.65	87
88	86.5	88	88.65
87.11	88	86.5	88
88.2	87.11	88	86.5
86	88.2	87.11	88
87.5	86	88.2	87.11
87.45	87.5	86	88.2
86.97	87.45	87.5	86
86.22	86.97	87.45	87.5
84.55	86.22	86.97	87.45
85.5	84.55	86.22	86.97
85.02	85.5	84.55	86.22
86.75	85.02	85.5	84.55
87.5	86.75	85.02	85.5
88	87.5	86.75	85.02
89.89	88	87.5	86.75
95	89.89	88	87.5
89	95	89.89	88
87.8	89	95	89.89
88.99	87.8	89	95
89.99	88.99	87.8	89
94	89.99	88.99	87.8
92.31	94	89.99	88.99
93.9	92.31	94	89.99
93	93.9	92.31	94
93.63	93	93.9	92.31
97	93.63	93	93.9
96.4	97	93.63	93
95.11	96.4	97	93.63
92.4	95.11	96.4	97
90.5	92.4	95.11	96.4
88.5	90.5	92.4	95.11
91.5	88.5	90.5	92.4
90	91.5	88.5	90.5
89.25	90	91.5	88.5
90	89.25	90	91.5
86	90	89.25	90
86.9	86	90	89.25
87.5	86.9	86	90
89.5	87.5	86.9	86
89.45	89.5	87.5	86.9
90	89.45	89.5	87.5
89.4	90	89.45	89.5
89.41	89.4	90	89.45
88.5	89.41	89.4	90
88.5	88.5	89.41	89.4
91	88.5	88.5	89.41
88.98	91	88.5	88.5
87	88.98	91	88.5
85.9	87	88.98	91
88.5	85.9	87	88.98
88.94	88.5	85.9	87
87.52	88.94	88.5	85.9
89.94	87.52	88.94	88.5
90	89.94	87.52	88.94
90.5	90	89.94	87.52
90.55	90.5	90	89.94
90.05	90.55	90.5	90
90.44	90.05	90.55	90.5
91	90.44	90.05	90.55
93	91	90.44	90.05
95	93	91	90.44
94.95	95	93	91
94.6	94.95	95	93
97.2	94.6	94.95	95
99.8	97.2	94.6	94.95
93.9	99.8	97.2	94.6
73.3	93.9	99.8	97.2
78	73.3	93.9	99.8
81.51	78	73.3	93.9
81.51	81.51	78	73.3
81.5	81.51	81.51	78
81.5	81.5	81.51	81.51
81.95	81.5	81.5	81.51
82	81.95	81.5	81.5
80	82	81.95	81.5
78	80	82	81.95
77.95	78	80	82
77.25	77.95	78	80
78	77.25	77.95	78
76.4	78	77.25	77.95
75.9	76.4	78	77.25
75.41	75.9	76.4	78
75.36	75.41	75.9	76.4
77	75.36	75.41	75.9
76.5	77	75.36	75.41
77.6	76.5	77	75.36
75.95	77.6	76.5	77
77	75.95	77.6	76.5
75.3	77	75.95	77.6
75.9	75.3	77	75.95
75.44	75.9	75.3	77
75.5	75.44	75.9	75.3
74.25	75.5	75.44	75.9
74.5	74.25	75.5	75.44
75	74.5	74.25	75.5
74.39	75	74.5	74.25
74.35	74.39	75	74.5
73.52	74.35	74.39	75
74.4	73.52	74.35	74.39
76.85	74.4	73.52	74.35
78	76.85	74.4	73.52
78.15	78	76.85	74.4
77.66	78.15	78	76.85
78	77.66	78.15	78
77.99	78	77.66	78.15
78	77.99	78	77.66
78.05	78	77.99	78
78.8	78.05	78	77.99
79.68	78.8	78.05	78
80.54	79.68	78.8	78.05
80	80.54	79.68	78.8
80.76	80	80.54	79.68
81.47	80.76	80	80.54
81.4	81.47	80.76	80
80.62	81.4	81.47	80.76
79.05	80.62	81.4	81.47
79.8	79.05	80.62	81.4
79.8	79.8	79.05	80.62
79.8	79.8	79.8	79.05
78.93	79.8	79.8	79.8
80.2	78.93	79.8	79.8
80.7	80.2	78.93	79.8
80.8	80.7	80.2	78.93
81.35	80.8	80.7	80.2
84.01	81.35	80.8	80.7
85.3	84.01	81.35	80.8
86	85.3	84.01	81.35
86.89	86	85.3	84.01
86.83	86.89	86	85.3
86.2	86.83	86.89	86
86.65	86.2	86.83	86.89
87	86.65	86.2	86.83
87.34	87	86.65	86.2
88	87.34	87	86.65
88	88	87.34	87
86.78	88	88	87.34
87.2	86.78	88	88
89.7	87.2	86.78	88
89.5	89.7	87.2	86.78
89.65	89.5	89.7	87.2
91.8	89.65	89.5	89.7
93.5	91.8	89.65	89.5
93	93.5	91.8	89.65
92.5	93	93.5	91.8
92.93	92.5	93	93.5
91.94	92.93	92.5	93
91.5	91.94	92.93	92.5
90	91.5	91.94	92.93
91.98	90	91.5	91.94
92.95	91.98	90	91.5
92.89	92.95	91.98	90
93.1	92.89	92.95	91.98
94.5	93.1	92.89	92.95
97.15	94.5	93.1	92.89
92.8	97.15	94.5	93.1
94.75	92.8	97.15	94.5
93.06	94.75	92.8	97.15
91.68	93.06	94.75	92.8
88.99	91.68	93.06	94.75
89.45	88.99	91.68	93.06
89.5	89.45	88.99	91.68
89	89.5	89.45	88.99
88.6	89	89.5	89.45
86.6	88.6	89	89.5
88.58	86.6	88.6	89
88.65	88.58	86.6	88.6
87.22	88.65	88.58	86.6
87.5	87.22	88.65	88.58
85.5	87.5	87.22	88.65
86.5	85.5	87.5	87.22
87.55	86.5	85.5	87.5
89	87.55	86.5	85.5
88	89	87.55	86.5
87.74	88	89	87.55
87.7	87.74	88	89
88	87.7	87.74	88
88.47	88	87.7	87.74
87.9	88.47	88	87.7
87.1	87.9	88.47	88
86.65	87.1	87.9	88.47
87.7	86.65	87.1	87.9
87	87.7	86.65	87.1
83.95	87	87.7	86.65
82	83.95	87	87.7
80.5	82	83.95	87
78.88	80.5	82	83.95
80.5	78.88	80.5	82
83.8	80.5	78.88	80.5
84.87	83.8	80.5	78.88
82.06	84.87	83.8	80.5
80.75	82.06	84.87	83.8
80.75	80.75	82.06	84.87
79.45	80.75	80.75	82.06
79.97	79.45	80.75	80.75
79.82	79.97	79.45	80.75
79.5	79.82	79.97	79.45
78.01	79.5	79.82	79.97
78.75	78.01	79.5	79.82
78.8	78.75	78.01	79.5
79.4	78.8	78.75	78.01
78.1	79.4	78.8	78.75
77.9	78.1	79.4	78.8
77.82	77.9	78.1	79.4
78	77.82	77.9	78.1
77.2	78	77.82	77.9
77.5	77.2	78	77.82
77.91	77.5	77.2	78
79.8	77.91	77.5	77.2
80	79.8	77.91	77.5
81.71	80	79.8	77.91
81.9	81.71	80	79.8
81.9	81.9	81.71	80
82.6	81.9	81.9	81.71
81.58	82.6	81.9	81.9
82.1	81.58	82.6	81.9
83.49	82.1	81.58	82.6
82.49	83.49	82.1	81.58
82	82.49	83.49	82.1
82	82	82.49	83.49
82.8	82	82	82.49
84.96	82.8	82	82
84.45	84.96	82.8	82
84.39	84.45	84.96	82.8
83.88	84.39	84.45	84.96
83.03	83.88	84.39	84.45
83.06	83.03	83.88	84.39
83	83.06	83.03	83.88
83	83	83.06	83.03
82.7	83	83	83.06
84	82.7	83	83
83.67	84	82.7	83
83.8	83.67	84	82.7
82.65	83.8	83.67	84
81.51	82.65	83.8	83.67
81.5	81.51	82.65	83.8
83	81.5	81.51	82.65
81.8	83	81.5	81.51
82.5	81.8	83	81.5
82	82.5	81.8	83
81.55	82	82.5	81.8
81.92	81.55	82	82.5
81.78	81.92	81.55	82
81	81.78	81.92	81.55
78.81	81	81.78	81.92
79.5	78.81	81	81.78
79.71	79.5	78.81	81
80.57	79.71	79.5	78.81
80	80.57	79.71	79.5
80.26	80	80.57	79.71
80.89	80.26	80	80.57
80.98	80.89	80.26	80
80.15	80.98	80.89	80.26
79.45	80.15	80.98	80.89
79.41	79.45	80.15	80.98
80.79	79.41	79.45	80.15
80.79	80.79	79.41	79.45
79.9	80.79	80.79	79.41
77.2	79.9	80.79	80.79
77.25	77.2	79.9	80.79
79.45	77.25	77.2	79.9
80.5	79.45	77.25	77.2
78.55	80.5	79.45	77.25
78.51	78.55	80.5	79.45
78.47	78.51	78.55	80.5
77	78.47	78.51	78.55
78.3	77	78.47	78.51
78.5	78.3	77	78.47
78.5	78.5	78.3	77
77.94	78.5	78.5	78.3
79.3	77.94	78.5	78.5
79	79.3	77.94	78.5
79	79	79.3	77.94
78.7	79	79	79.3
78	78.7	79	79
77.88	78	78.7	79
79.53	77.88	78	78.7
78.77	79.53	77.88	78
76.2	78.77	79.53	77.88
76.21	76.2	78.77	79.53
76.13	76.21	76.2	78.77
77.18	76.13	76.21	76.2
80.75	77.18	76.13	76.21
84.59	80.75	77.18	76.13
85.05	84.59	80.75	77.18
84.55	85.05	84.59	80.75
83.75	84.55	85.05	84.59
84.9	83.75	84.55	85.05
83.04	84.9	83.75	84.55
84.8	83.04	84.9	83.75
86.75	84.8	83.04	84.9
86.75	86.75	84.8	83.04
87.8	86.75	86.75	84.8
86.5	87.8	86.75	86.75
87	86.5	87.8	86.75
86.92	87	86.5	87.8
86.7	86.92	87	86.5
84.7	86.7	86.92	87
83.51	84.7	86.7	86.92
82.47	83.51	84.7	86.7
82.85	82.47	83.51	84.7
84.95	82.85	82.47	83.51
84.3	84.95	82.85	82.47
83	84.3	84.95	82.85
83.06	83	84.3	84.95
83.8	83.06	83	84.3
82.36	83.8	83.06	83
78.75	82.36	83.8	83.06
78	78.75	82.36	83.8
75.6	78	78.75	82.36
75.9	75.6	78	78.75
76.1	75.9	75.6	78
73.3	76.1	75.9	75.6
71.51	73.3	76.1	75.9
73.3	71.51	73.3	76.1
72.35	73.3	71.51	73.3
76	72.35	73.3	71.51
76.7	76	72.35	73.3
75.8	76.7	76	72.35
75.7	75.8	76.7	76
76	75.7	75.8	76.7
76	76	75.7	75.8
76.12	76	76	75.7
74	76.12	76	76
74.8	74	76.12	76
75.97	74.8	74	76.12
75.9	75.97	74.8	74
76.39	75.9	75.97	74.8
78.83	76.39	75.9	75.97
77	78.83	76.39	75.9
75	77	78.83	76.39
75.86	75	77	78.83
75.84	75.86	75	77
77	75.84	75.86	75
79	77	75.84	75.86
78.01	79	77	75.84
78.3	78.01	79	77
76.5	78.3	78.01	79
77.06	76.5	78.3	78.01
78.06	77.06	76.5	78.3
79.31	78.06	77.06	76.5
79.99	79.31	78.06	77.06
81.93	79.99	79.31	78.06
79	81.93	79.99	79.31
79.65	79	81.93	79.99
82	79.65	79	81.93
81.7	82	79.65	79
80.12	81.7	82	79.65
81.9	80.12	81.7	82
82	81.9	80.12	81.7
79.39	82	81.9	80.12
78	79.39	82	81.9
77.99	78	79.39	82
77.21	77.99	78	79.39
76	77.21	77.99	78
74.5	76	77.21	77.99
75.43	74.5	76	77.21
76.55	75.43	74.5	76
76.6	76.55	75.43	74.5
79.5	76.6	76.55	75.43
78.5	79.5	76.6	76.55
78.21	78.5	79.5	76.6
77.98	78.21	78.5	79.5
77.05	77.98	78.21	78.5
75.43	77.05	77.98	78.21
76.3	75.43	77.05	77.98
79.5	76.3	75.43	77.05
79.27	79.5	76.3	75.43
81.12	79.27	79.5	76.3
81.5	81.12	79.27	79.5
81.31	81.5	81.12	79.27
78	81.31	81.5	81.12
78.04	78	81.31	81.5
79	78.04	78	81.31
78.3	79	78.04	78
79.79	78.3	79	78.04
84	79.79	78.3	79
84.77	84	79.79	78.3
85	84.77	84	79.79
86.29	85	84.77	84
84.73	86.29	85	84.77
84	84.73	86.29	85
85.9	84	84.73	86.29
84.5	85.9	84	84.73
84.39	84.5	85.9	84
83.05	84.39	84.5	85.9
82.12	83.05	84.39	84.5
82.8	82.12	83.05	84.39
83.9	82.8	82.12	83.05
84.65	83.9	82.8	82.12
83.56	84.65	83.9	82.8
82.5	83.56	84.65	83.9
83.39	82.5	83.56	84.65
84.07	83.39	82.5	83.56
84.89	84.07	83.39	82.5
84.9	84.89	84.07	83.39
85.34	84.9	84.89	84.07
84.79	85.34	84.9	84.89
84.4	84.79	85.34	84.9
82.49	84.4	84.79	85.34
83.1	82.49	84.4	84.79
82.9	83.1	82.49	84.4
82.79	82.9	83.1	82.49
81.9	82.79	82.9	83.1
82.44	81.9	82.79	82.9
81.11	82.44	81.9	82.79
81.55	81.11	82.44	81.9
80.62	81.55	81.11	82.44
79.65	80.62	81.55	81.11
77.56	79.65	80.62	81.55
78.62	77.56	79.65	80.62
81.26	78.62	77.56	79.65
79.55	81.26	78.62	77.56
79.5	79.55	81.26	78.62
81.5	79.5	79.55	81.26
80	81.5	79.5	79.55
82.4	80	81.5	79.5
83.19	82.4	80	81.5
83.5	83.19	82.4	80
82.46	83.5	83.19	82.4
83.74	82.46	83.5	83.19
83	83.74	82.46	83.5
84	83	83.74	82.46
84.95	84	83	83.74
83.3	84.95	84	83
85.4	83.3	84.95	84
84.98	85.4	83.3	84.95
85	84.98	85.4	83.3
85.4	85	84.98	85.4
85	85.4	85	84.98
84.99	85	85.4	85
84.6	84.99	85	85.4
82.75	84.6	84.99	85
83.05	82.75	84.6	84.99
85.39	83.05	82.75	84.6
85.15	85.39	83.05	82.75
86.75	85.15	85.39	83.05
88.81	86.75	85.15	85.39
87.35	88.81	86.75	85.15
88	87.35	88.81	86.75
89	88	87.35	88.81
88.7	89	88	87.35
89.15	88.7	89	88
88.74	89.15	88.7	89
88	88.74	89.15	88.7
90.04	88	88.74	89.15
88.96	90.04	88	88.74
90	88.96	90.04	88
90.9	90	88.96	90.04
91.11	90.9	90	88.96
91.5	91.11	90.9	90
92.3	91.5	91.11	90.9
95.05	92.3	91.5	91.11
94.99	95.05	92.3	91.5
98.59	94.99	95.05	92.3
98.02	98.59	94.99	95.05
94	98.02	98.59	94.99
94.88	94	98.02	98.59
93.85	94.88	94	98.02
92.55	93.85	94.88	94
92.75	92.55	93.85	94.88
94	92.75	92.55	93.85
92.58	94	92.75	92.55
91.5	92.58	94	92.75
92.96	91.5	92.58	94
91.94	92.96	91.5	92.58
94	91.94	92.96	91.5
91.63	94	91.94	92.96
92	91.63	94	91.94
92.25	92	91.63	94
90.79	92.25	92	91.63
90.02	90.79	92.25	92
89.3	90.02	90.79	92.25
88.17	89.3	90.02	90.79
89	88.17	89.3	90.02
87.2	89	88.17	89.3
86.73	87.2	89	88.17
88.18	86.73	87.2	89
91.42	88.18	86.73	87.2
90	91.42	88.18	86.73
89.5	90	91.42	88.18
91.5	89.5	90	91.42
89.8	91.5	89.5	90
89.15	89.8	91.5	89.5
89	89.15	89.8	91.5
89.33	89	89.15	89.8
89.5	89.33	89	89.15
88.07	89.5	89.33	89
87.74	88.07	89.5	89.33
88.01	87.74	88.07	89.5
85.05	88.01	87.74	88.07
84.82	85.05	88.01	87.74
84	84.82	85.05	88.01
87.5	84	84.82	85.05
86.65	87.5	84	84.82
87	86.65	87.5	84
84.28	87	86.65	87.5
86	84.28	87	86.65
86	86	84.28	87
85.84	86	86	84.28
84.85	85.84	86	86
84.4	84.85	85.84	86
84.52	84.4	84.85	85.84
84.2	84.52	84.4	84.85
83.4	84.2	84.52	84.4
83.05	83.4	84.2	84.52
84.88	83.05	83.4	84.2
84	84.88	83.05	83.4
86.45	84	84.88	83.05
84.77	86.45	84	84.88
85.16	84.77	86.45	84
85.56	85.16	84.77	86.45
85.15	85.56	85.16	84.77
86.05	85.15	85.56	85.16
85.5	86.05	85.15	85.56
85.54	85.5	86.05	85.15
87.04	85.54	85.5	86.05
87	87.04	85.54	85.5
89.25	87	87.04	85.54
87.24	89.25	87	87.04
86.8	87.24	89.25	87
88.76	86.8	87.24	89.25
85.6	88.76	86.8	87.24
85.4	85.6	88.76	86.8
82.14	85.4	85.6	88.76
83.6	82.14	85.4	85.6
84.5	83.6	82.14	85.4
84.32	84.5	83.6	82.14
86.05	84.32	84.5	83.6
87.82	86.05	84.32	84.5
85.9	87.82	86.05	84.32
87	85.9	87.82	86.05
87	87	85.9	87.82
87.5	87	87	85.9
88.5	87.5	87	87
87.01	88.5	87.5	87
85	87.01	88.5	87.5
86.47	85	87.01	88.5
87.5	86.47	85	87.01
87.69	87.5	86.47	85
87	87.69	87.5	86.47
88.1	87	87.69	87.5
85.4	88.1	87	87.69
84.27	85.4	88.1	87
85.92	84.27	85.4	88.1
82.94	85.92	84.27	85.4
81.79	82.94	85.92	84.27
80.7	81.79	82.94	85.92
80.9	80.7	81.79	82.94
80.1	80.9	80.7	81.79
79.5	80.1	80.9	80.7
79.2	79.5	80.1	80.9
76.72	79.2	79.5	80.1
76.7	76.72	79.2	79.5
78.25	76.7	76.72	79.2
80.4	78.25	76.7	76.72
82.8	80.4	78.25	76.7
83	82.8	80.4	78.25
83.37	83	82.8	80.4
83.5	83.37	83	82.8
83.45	83.5	83.37	83
83.7	83.45	83.5	83.37
83.5	83.7	83.45	83.5
82.94	83.5	83.7	83.45
82.8	82.94	83.5	83.7
82.25	82.8	82.94	83.5
82.35	82.25	82.8	82.94
82.75	82.35	82.25	82.8
82.35	82.75	82.35	82.25
83.3	82.35	82.75	82.35
82.75	83.3	82.35	82.75
82.8	82.75	83.3	82.35
80.87	82.8	82.75	83.3
81.24	80.87	82.8	82.75
81.5	81.24	80.87	82.8
80.7	81.5	81.24	80.87
79.72	80.7	81.5	81.24
79.5	79.72	80.7	81.5
75.65	79.5	79.72	80.7
74.66	75.65	79.5	79.72
75.5	74.66	75.65	79.5
76.05	75.5	74.66	75.65
75.85	76.05	75.5	74.66
73.33	75.85	76.05	75.5
74.2	73.33	75.85	76.05
73.4	74.2	73.33	75.85
74.4	73.4	74.2	73.33
73.92	74.4	73.4	74.2
73.16	73.92	74.4	73.4
71.71	73.16	73.92	74.4
71.6	71.71	73.16	73.92
72.54	71.6	71.71	73.16
71.12	72.54	71.6	71.71
73.12	71.12	72.54	71.6
70	73.12	71.12	72.54
64.01	70	73.12	71.12
65.8	64.01	70	73.12
65.25	65.8	64.01	70
66	65.25	65.8	64.01
63.02	66	65.25	65.8
60.35	63.02	66	65.25
63.4	60.35	63.02	66
61.94	63.4	60.35	63.02
62.18	61.94	63.4	60.35
62	62.18	61.94	63.4
61.65	62	62.18	61.94
63.54	61.65	62	62.18
64.98	63.54	61.65	62
65.18	64.98	63.54	61.65
66	65.18	64.98	63.54
65.61	66	65.18	64.98
66	65.61	66	65.18
66.3	66	65.61	66
66.5	66.3	66	65.61
64.49	66.5	66.3	66
64.27	64.49	66.5	66.3
62.5	64.27	64.49	66.5
59.51	62.5	64.27	64.49
57.23	59.51	62.5	64.27
59.16	57.23	59.51	62.5
59.82	59.16	57.23	59.51
58.5	59.82	59.16	57.23
56.76	58.5	59.82	59.16
54	56.76	58.5	59.82
55	54	56.76	58.5
56.9	55	54	56.76
55.3	56.9	55	54
55.5	55.3	56.9	55
56.35	55.5	55.3	56.9
55.42	56.35	55.5	55.3
57.98	55.42	56.35	55.5
59.5	57.98	55.42	56.35
60.2	59.5	57.98	55.42
60.2	60.2	59.5	57.98
59.2	60.2	60.2	59.5
60.22	59.2	60.2	60.2
62.35	60.22	59.2	60.2
60.5	62.35	60.22	59.2
60.18	60.5	62.35	60.22
61.35	60.18	60.5	62.35
61.5	61.35	60.18	60.5
60.7	61.5	61.35	60.18
59.2	60.7	61.5	61.35
59.71	59.2	60.7	61.5
59.45	59.71	59.2	60.7
62.7	59.45	59.71	59.2
63.5	62.7	59.45	59.71
62.37	63.5	62.7	59.45
62.45	62.37	63.5	62.7
62.26	62.45	62.37	63.5
61.26	62.26	62.45	62.37
61.42	61.26	62.26	62.45
60.4	61.42	61.26	62.26
59.87	60.4	61.42	61.26
59.93	59.87	60.4	61.42
60.98	59.93	59.87	60.4
61.22	60.98	59.93	59.87
61.87	61.22	60.98	59.93
63.14	61.87	61.22	60.98
64.72	63.14	61.87	61.22
64.79	64.72	63.14	61.87
66.87	64.79	64.72	63.14
69.49	66.87	64.79	64.72
67.82	69.49	66.87	64.79
66.1	67.82	69.49	66.87
67.21	66.1	67.82	69.49
68.5	67.21	66.1	67.82
68.89	68.5	67.21	66.1
67.98	68.89	68.5	67.21
66.79	67.98	68.89	68.5
65.85	66.79	67.98	68.89
66	65.85	66.79	67.98
64.83	66	65.85	66.79
65.51	64.83	66	65.85
64.96	65.51	64.83	66
68.54	64.96	65.51	64.83
73.15	68.54	64.96	65.51
71.4	73.15	68.54	64.96
69.6	71.4	73.15	68.54
69.19	69.6	71.4	73.15
70	69.19	69.6	71.4
70	70	69.19	69.6
69.9	70	70	69.19
69.9	69.9	70	70
70.4	69.9	69.9	70
70.65	70.4	69.9	69.9
70.3	70.65	70.4	69.9
69.8	70.3	70.65	70.4
70.79	69.8	70.3	70.65
71.48	70.79	69.8	70.3
71.46	71.48	70.79	69.8
70.5	71.46	71.48	70.79
70.6	70.5	71.46	71.48
70.96	70.6	70.5	71.46
70.2	70.96	70.6	70.5
69.02	70.2	70.96	70.6
68.6	69.02	70.2	70.96
69.48	68.6	69.02	70.2
68	69.48	68.6	69.02
67.44	68	69.48	68.6
67.04	67.44	68	69.48
66.92	67.04	67.44	68
66.6	66.92	67.04	67.44
67.48	66.6	66.92	67.04
67.45	67.48	66.6	66.92
67.86	67.45	67.48	66.6
68.76	67.86	67.45	67.48
69.24	68.76	67.86	67.45
67.2	69.24	68.76	67.86
54.08	67.2	69.24	68.76
55.4	54.08	67.2	69.24
54.63	55.4	54.08	67.2
53.89	54.63	55.4	54.08
53.98	53.89	54.63	55.4
53.37	53.98	53.89	54.63
51.66	53.37	53.98	53.89
49.9	51.66	53.37	53.98
50.71	49.9	51.66	53.37
52.97	50.71	49.9	51.66
52.32	52.97	50.71	49.9
53.79	52.32	52.97	50.71
53.4	53.79	52.32	52.97
52.87	53.4	53.79	52.32
52.5	52.87	53.4	53.79
51	52.5	52.87	53.4
50	51	52.5	52.87
50.31	50	51	52.5
48.23	50.31	50	51
49.53	48.23	50.31	50
51.6	49.53	48.23	50.31
51.5	51.6	49.53	48.23
52.71	51.5	51.6	49.53
55.24	52.71	51.5	51.6
50.89	55.24	52.71	51.5
49.2	50.89	55.24	52.71
49.52	49.2	50.89	55.24
52.17	49.52	49.2	50.89
52.28	52.17	49.52	49.2
52	52.28	52.17	49.52
51.66	52	52.28	52.17
51.65	51.66	52	52.28
48.7	51.65	51.66	52
48.96	48.7	51.65	51.66
51	48.96	48.7	51.65
51.53	51	48.96	48.7
51.76	51.53	51	48.96
52.9	51.76	51.53	51
52.5	52.9	51.76	51.53
53.05	52.5	52.9	51.76
53.4	53.05	52.5	52.9
53.85	53.4	53.05	52.5
55.03	53.85	53.4	53.05
54.58	55.03	53.85	53.4
53.98	54.58	55.03	53.85
54.48	53.98	54.58	55.03
54.6	54.48	53.98	54.58
54	54.6	54.48	53.98
52.5	54	54.6	54.48
50.5	52.5	54	54.6
50.61	50.5	52.5	54
52.3	50.61	50.5	52.5
51.16	52.3	50.61	50.5
53.13	51.16	52.3	50.61
55.99	53.13	51.16	52.3
57.35	55.99	53.13	51.16
56.5	57.35	55.99	53.13
56.7	56.5	57.35	55.99
56.59	56.7	56.5	57.35
56.51	56.59	56.7	56.5
56.1	56.51	56.59	56.7
54.05	56.1	56.51	56.59
54	54.05	56.1	56.51
53.11	54	54.05	56.1
53.7	53.11	54	54.05
53.4	53.7	53.11	54
52.74	53.4	53.7	53.11
52.12	52.74	53.4	53.7
51.4	52.12	52.74	53.4
52	51.4	52.12	52.74
53.4	52	51.4	52.12
53.29	53.4	52	51.4
51.87	53.29	53.4	52
51.9	51.87	53.29	53.4
51.82	51.9	51.87	53.29
50.15	51.82	51.9	51.87
50.58	50.15	51.82	51.9
50	50.58	50.15	51.82
47.95	50	50.58	50.15
47.65	47.95	50	50.58
47.7	47.65	47.95	50
47.33	47.7	47.65	47.95
47.5	47.33	47.7	47.65
46.3	47.5	47.33	47.7
47.53	46.3	47.5	47.33
48.44	47.53	46.3	47.5
49.61	48.44	47.53	46.3
46.85	49.61	48.44	47.53
47.35	46.85	49.61	48.44
46.79	47.35	46.85	49.61
47.24	46.79	47.35	46.85
47.3	47.24	46.79	47.35
47.39	47.3	47.24	46.79
46.41	47.39	47.3	47.24
46.93	46.41	47.39	47.3
48.15	46.93	46.41	47.39
47.06	48.15	46.93	46.41
47.6	47.06	48.15	46.93
49.3	47.6	47.06	48.15
48.72	49.3	47.6	47.06
48.2	48.72	49.3	47.6
48.4	48.2	48.72	49.3
47.8	48.4	48.2	48.72
47	47.8	48.4	48.2
45.85	47	47.8	48.4
46.74	45.85	47	47.8
46.1	46.74	45.85	47
47.25	46.1	46.74	45.85
47.01	47.25	46.1	46.74
48.35	47.01	47.25	46.1
48.86	48.35	47.01	47.25
48.42	48.86	48.35	47.01
47.88	48.42	48.86	48.35
48.48	47.88	48.42	48.86
47.15	48.48	47.88	48.42
45.87	47.15	48.48	47.88
44.6	45.87	47.15	48.48
44.1	44.6	45.87	47.15
44.87	44.1	44.6	45.87
44.98	44.87	44.1	44.6
44.6	44.98	44.87	44.1
44.52	44.6	44.98	44.87
43.85	44.52	44.6	44.98
44	43.85	44.52	44.6
43.2	44	43.85	44.52
43	43.2	44	43.85
42.2	43	43.2	44
42.03	42.2	43	43.2
43.25	42.03	42.2	43
43.57	43.25	42.03	42.2
43.96	43.57	43.25	42.03
44.75	43.96	43.57	43.25
44.06	44.75	43.96	43.57
44	44.06	44.75	43.96
44.65	44	44.06	44.75
44.18	44.65	44	44.06
43.3	44.18	44.65	44
45.29	43.3	44.18	44.65
47.44	45.29	43.3	44.18
47.48	47.44	45.29	43.3
52.15	47.48	47.44	45.29
51.73	52.15	47.48	47.44
51.81	51.73	52.15	47.48
51.32	51.81	51.73	52.15
51.07	51.32	51.81	51.73
51.4	51.07	51.32	51.81
50.95	51.4	51.07	51.32
50.4	50.95	51.4	51.07
51.33	50.4	50.95	51.4
52	51.33	50.4	50.95
53	52	51.33	50.4
54.15	53	52	51.33
54.18	54.15	53	52
54.5	54.18	54.15	53
55	54.5	54.18	54.15
54.19	55	54.5	54.18
54.31	54.19	55	54.5
55.15	54.31	54.19	55
56.65	55.15	54.31	54.19
57.7	56.65	55.15	54.31
58.03	57.7	56.65	55.15
59.25	58.03	57.7	56.65
59.8	59.25	58.03	57.7
59.85	59.8	59.25	58.03
59.64	59.85	59.8	59.25
59.31	59.64	59.85	59.8
59.1	59.31	59.64	59.85
58.01	59.1	59.31	59.64
59.1	58.01	59.1	59.31
60.09	59.1	58.01	59.1
59.39	60.09	59.1	58.01
59.66	59.39	60.09	59.1
62.51	59.66	59.39	60.09
61.95	62.51	59.66	59.39
61.25	61.95	62.51	59.66
60.35	61.25	61.95	62.51
61	60.35	61.25	61.95
61.75	61	60.35	61.25
60.7	61.75	61	60.35
61.59	60.7	61.75	61
61.3	61.59	60.7	61.75
61.99	61.3	61.59	60.7
62.27	61.99	61.3	61.59
66.39	62.27	61.99	61.3
66.39	66.39	62.27	61.99
67.4	66.39	66.39	62.27
66	67.4	66.39	66.39
64.9	66	67.4	66.39
65	64.9	66	67.4
64.46	65	64.9	66
65.65	64.46	65	64.9
66	65.65	64.46	65
65.98	66	65.65	64.46
66.26	65.98	66	65.65
66.6	66.26	65.98	66
65.2	66.6	66.26	65.98
65.42	65.2	66.6	66.26
67.97	65.42	65.2	66.6
68.27	67.97	65.42	65.2
65.77	68.27	67.97	65.42
64.69	65.77	68.27	67.97
63.1	64.69	65.77	68.27
65.98	63.1	64.69	65.77
65.3	65.98	63.1	64.69
69.28	65.3	65.98	63.1
73	69.28	65.3	65.98
72.03	73	69.28	65.3
71.97	72.03	73	69.28
74.43	71.97	72.03	73
75.25	74.43	71.97	72.03
74.99	75.25	74.43	71.97
74.73	74.99	75.25	74.43
73.1	74.73	74.99	75.25
73.6	73.1	74.73	74.99
74.17	73.6	73.1	74.73
72.9	74.17	73.6	73.1
73.57	72.9	74.17	73.6
72.29	73.57	72.9	74.17
70.99	72.29	73.57	72.9
71.48	70.99	72.29	73.57
72.19	71.48	70.99	72.29
71.98	72.19	71.48	70.99
72.83	71.98	72.19	71.48
72.8	72.83	71.98	72.19
72.15	72.8	72.83	71.98
71.5	72.15	72.8	72.83
69.89	71.5	72.15	72.8
69.35	69.89	71.5	72.15
69.58	69.35	69.89	71.5
70.79	69.58	69.35	69.89
70.87	70.79	69.58	69.35
72.83	70.87	70.79	69.58
71.1	72.83	70.87	70.79
71.89	71.1	72.83	70.87
74.2	71.89	71.1	72.83
74.86	74.2	71.89	71.1
74.69	74.86	74.2	71.89
74.59	74.69	74.86	74.2
76.99	74.59	74.69	74.86
72.96	76.99	74.59	74.69
72.86	72.96	76.99	74.59
73.41	72.86	72.96	76.99
74.14	73.41	72.86	72.96
73	74.14	73.41	72.86
73.45	73	74.14	73.41
73.63	73.45	73	74.14
74.64	73.63	73.45	73
72.25	74.64	73.63	73.45
71.44	72.25	74.64	73.63
70	71.44	72.25	74.64
72.18	70	71.44	72.25
70.51	72.18	70	71.44
69.35	70.51	72.18	70
69.02	69.35	70.51	72.18
70	69.02	69.35	70.51
69.54	70	69.02	69.35
70	69.54	70	69.02
69.45	70	69.54	70
68.2	69.45	70	69.54
66.49	68.2	69.45	70
63.3	66.49	68.2	69.45
68.2	63.3	66.49	68.2
68.03	68.2	63.3	66.49
69.5	68.03	68.2	63.3
67.42	69.5	68.03	68.2
66.5	67.42	69.5	68.03
63.93	66.5	67.42	69.5
64.1	63.93	66.5	67.42
64	64.1	63.93	66.5
61.41	64	64.1	63.93
60.5	61.41	64	64.1
58.99	60.5	61.41	64
60.83	58.99	60.5	61.41
59.68	60.83	58.99	60.5
60.6	59.68	60.83	58.99
60.97	60.6	59.68	60.83
61.15	60.97	60.6	59.68
60.53	61.15	60.97	60.6
61.1	60.53	61.15	60.97
61.75	61.1	60.53	61.15
61.68	61.75	61.1	60.53
61.82	61.68	61.75	61.1
61.52	61.82	61.68	61.75
61.8	61.52	61.82	61.68
62.39	61.8	61.52	61.82
62.5	62.39	61.8	61.52
62.45	62.5	62.39	61.8
62.48	62.45	62.5	62.39
62.01	62.48	62.45	62.5
60.95	62.01	62.48	62.45
60.88	60.95	62.01	62.48
59.8	60.88	60.95	62.01
60.3	59.8	60.88	60.95
60.5	60.3	59.8	60.88
60.5	60.5	60.3	59.8
59.34	60.5	60.5	60.3
61.16	59.34	60.5	60.5
62	61.16	59.34	60.5
62	62	61.16	59.34
62.2	62	62	61.16
64.1	62.2	62	62
63.73	64.1	62.2	62
63.1	63.73	64.1	62.2
62.5	63.1	63.73	64.1
64.1	62.5	63.1	63.73
63.6	64.1	62.5	63.1
63.8	63.6	64.1	62.5
63.71	63.8	63.6	64.1
64.25	63.71	63.8	63.6
64	64.25	63.71	63.8
63.48	64	64.25	63.71
62.5	63.48	64	64.25
61.7	62.5	63.48	64
61.41	61.7	62.5	63.48
61.65	61.41	61.7	62.5
62.45	61.65	61.41	61.7
62.39	62.45	61.65	61.41
63.54	62.39	62.45	61.65
62.91	63.54	62.39	62.45
65.07	62.91	63.54	62.39
64.5	65.07	62.91	63.54
66.38	64.5	65.07	62.91
66	66.38	64.5	65.07
66.15	66	66.38	64.5
66.2	66.15	66	66.38
66	66.2	66.15	66
65.6	66	66.2	66.15
65.39	65.6	66	66.2
65	65.39	65.6	66
64.58	65	65.39	65.6
64.55	64.58	65	65.39
64.11	64.55	64.58	65
63.5	64.11	64.55	64.58
62.8	63.5	64.11	64.55
63.03	62.8	63.5	64.11
65.7	63.03	62.8	63.5
65.11	65.7	63.03	62.8
65.37	65.11	65.7	63.03
65.7	65.37	65.11	65.7
65.28	65.7	65.37	65.11
65.46	65.28	65.7	65.37
66.44	65.46	65.28	65.7
68.2	66.44	65.46	65.28
68.49	68.2	66.44	65.46
68.81	68.49	68.2	66.44
69.86	68.81	68.49	68.2
71.8	69.86	68.81	68.49
71.04	71.8	69.86	68.81
71.35	71.04	71.8	69.86
72.75	71.35	71.04	71.8
72.38	72.75	71.35	71.04
71.92	72.38	72.75	71.35
71.78	71.92	72.38	72.75
71.19	71.78	71.92	72.38
70.4	71.19	71.78	71.92
70.31	70.4	71.19	71.78
70.5	70.31	70.4	71.19
69.8	70.5	70.31	70.4
70.07	69.8	70.5	70.31
70.18	70.07	69.8	70.5
67.4	70.18	70.07	69.8
68.69	67.4	70.18	70.07
68.76	68.69	67.4	70.18
69.5	68.76	68.69	67.4
71.37	69.5	68.76	68.69
72.33	71.37	69.5	68.76
70.37	72.33	71.37	69.5
71.08	70.37	72.33	71.37
73.15	71.08	70.37	72.33
72.74	73.15	71.08	70.37
72.17	72.74	73.15	71.08
71.2	72.17	72.74	73.15
70.03	71.2	72.17	72.74
71.38	70.03	71.2	72.17
71.5	71.38	70.03	71.2
70.5	71.5	71.38	70.03
70.91	70.5	71.5	71.38
71.51	70.91	70.5	71.5
73.5	71.51	70.91	70.5
73.7	73.5	71.51	70.91
75	73.7	73.5	71.51
74.92	75	73.7	73.5
73.55	74.92	75	73.7
75.4	73.55	74.92	75
73.99	75.4	73.55	74.92
71.65	73.99	75.4	73.55
72.05	71.65	73.99	75.4
72.38	72.05	71.65	73.99
75.29	72.38	72.05	71.65
75.02	75.29	72.38	72.05
75.48	75.02	75.29	72.38
73.09	75.48	75.02	75.29
74	73.09	75.48	75.02
75.6	74	73.09	75.48
77	75.6	74	73.09
76.15	77	75.6	74
77.77	76.15	77	75.6
76	77.77	76.15	77
78.5	76	77.77	76.15
79	78.5	76	77.77
78.4	79	78.5	76
78.86	78.4	79	78.5
78.7	78.86	78.4	79
79.3	78.7	78.86	78.4
79.5	79.3	78.7	78.86
79.5	79.5	79.3	78.7
77.95	79.5	79.5	79.3
78.1	77.95	79.5	79.5
78	78.1	77.95	79.5
77.35	78	78.1	77.95
76.6	77.35	78	78.1
76.7	76.6	77.35	78
77.7	76.7	76.6	77.35
79.9	77.7	76.7	76.6
79.15	79.9	77.7	76.7
80	79.15	79.9	77.7
84.3	80	79.15	79.9
88	84.3	80	79.15
87.25	88	84.3	80
87.35	87.25	88	84.3
87.05	87.35	87.25	88
87.2	87.05	87.35	87.25
86.3	87.2	87.05	87.35
87.4	86.3	87.2	87.05
86.4	87.4	86.3	87.2
84.85	86.4	87.4	86.3
85.5	84.85	86.4	87.4
86.75	85.5	84.85	86.4
86.35	86.75	85.5	84.85
87.3	86.35	86.75	85.5
84	87.3	86.35	86.75
83.5	84	87.3	86.35
81.6	83.5	84	87.3
82.5	81.6	83.5	84
83	82.5	81.6	83.5
82.5	83	82.5	81.6
82.95	82.5	83	82.5
82.7	82.95	82.5	83
83.5	82.7	82.95	82.5
84.85	83.5	82.7	82.95
84	84.85	83.5	82.7
83.85	84	84.85	83.5
83.5	83.85	84	84.85
83.4	83.5	83.85	84
82.6	83.4	83.5	83.85
83.45	82.6	83.4	83.5
83.35	83.45	82.6	83.4
82.05	83.35	83.45	82.6
80.9	82.05	83.35	83.45
79.9	80.9	82.05	83.35
80.3	79.9	80.9	82.05
81.8	80.3	79.9	80.9
76	81.8	80.3	79.9
76.7	76	81.8	80.3
78	76.7	76	81.8
77	78	76.7	76
76.5	77	78	76.7
76.5	76.5	77	78
75.6	76.5	76.5	77
74.4	75.6	76.5	76.5
76	74.4	75.6	76.5
76.95	76	74.4	75.6
75.7	76.95	76	74.4
76.2	75.7	76.95	76
75.7	76.2	75.7	76.95
74.7	75.7	76.2	75.7
72.85	74.7	75.7	76.2
73.55	72.85	74.7	75.7
74.3	73.55	72.85	74.7
72.8	74.3	73.55	72.85
71.25	72.8	74.3	73.55
69	71.25	72.8	74.3
70.45	69	71.25	72.8
72.9	70.45	69	71.25
72.75	72.9	70.45	69
72.95	72.75	72.9	70.45
72	72.95	72.75	72.9
71.95	72	72.95	72.75
72.2	71.95	72	72.95
71.95	72.2	71.95	72
72.2	71.95	72.2	71.95
72.85	72.2	71.95	72.2
71.5	72.85	72.2	71.95
71.05	71.5	72.85	72.2
70.9	71.05	71.5	72.85
71.3	70.9	71.05	71.5
71	71.3	70.9	71.05
71.05	71	71.3	70.9
70.7	71.05	71	71.3
68.9	70.7	71.05	71
67.8	68.9	70.7	71.05
66.05	67.8	68.9	70.7
68.3	66.05	67.8	68.9
72.55	68.3	66.05	67.8
72.8	72.55	68.3	66.05
72.8	72.8	72.55	68.3
73	72.8	72.8	72.55
73.55	73	72.8	72.8
73	73.55	73	72.8
72.1	73	73.55	73
73	72.1	73	73.55
72.9	73	72.1	73
72	72.9	73	72.1
70	72	72.9	73
70.7	70	72	72.9
71.5	70.7	70	72
69.7	71.5	70.7	70
69.25	69.7	71.5	70.7
70.45	69.25	69.7	71.5
69.05	70.45	69.25	69.7
71.45	69.05	70.45	69.25
69.85	71.45	69.05	70.45
70.2	69.85	71.45	69.05
70	70.2	69.85	71.45
70.4	70	70.2	69.85
70.2	70.4	70	70.2
70.25	70.2	70.4	70
70.1	70.25	70.2	70.4
68	70.1	70.25	70.2
67.55	68	70.1	70.25
67.4	67.55	68	70.1
68	67.4	67.55	68
67.5	68	67.4	67.55
69	67.5	68	67.4
69	69	67.5	68
68	69	69	67.5
67.3	68	69	69
65.5	67.3	68	69
66.9	65.5	67.3	68
65.4	66.9	65.5	67.3
68	65.4	66.9	65.5
69.75	68	65.4	66.9
69.5	69.75	68	65.4
69.5	69.5	69.75	68
69.9	69.5	69.5	69.75
68.6	69.9	69.5	69.5
67.3	68.6	69.9	69.5
67.55	67.3	68.6	69.9
67.1	67.55	67.3	68.6
67.65	67.1	67.55	67.3
68.95	67.65	67.1	67.55
67.1	68.95	67.65	67.1
67.6	67.1	68.95	67.65
67.6	67.6	67.1	68.95
67.75	67.6	67.6	67.1
70.9	67.75	67.6	67.6
70.2	70.9	67.75	67.6
73.55	70.2	70.9	67.75
71	73.55	70.2	70.9
73	71	73.55	70.2
72.65	73	71	73.55
72.6	72.65	73	71
71.5	72.6	72.65	73
70.75	71.5	72.6	72.65
71.9	70.75	71.5	72.6
73.25	71.9	70.75	71.5
76.2	73.25	71.9	70.75
72.5	76.2	73.25	71.9
70.05	72.5	76.2	73.25
68.5	70.05	72.5	76.2
67.55	68.5	70.05	72.5
66.4	67.55	68.5	70.05
65.8	66.4	67.55	68.5
66.3	65.8	66.4	67.55
67.9	66.3	65.8	66.4
67.45	67.9	66.3	65.8
68.6	67.45	67.9	66.3
67.45	68.6	67.45	67.9
68.8	67.45	68.6	67.45
70.2	68.8	67.45	68.6
70.05	70.2	68.8	67.45
69.3	70.05	70.2	68.8
68.05	69.3	70.05	70.2
68.65	68.05	69.3	70.05
66.9	68.65	68.05	69.3
64	66.9	68.65	68.05
62.85	64	66.9	68.65
60.95	62.85	64	66.9
61.1	60.95	62.85	64
63	61.1	60.95	62.85
60.05	63	61.1	60.95
60.7	60.05	63	61.1
64.55	60.7	60.05	63
61.2	64.55	60.7	60.05
61.5	61.2	64.55	60.7
61.3	61.5	61.2	64.55
62.75	61.3	61.5	61.2
62.6	62.75	61.3	61.5
63.25	62.6	62.75	61.3
63.1	63.25	62.6	62.75
64.3	63.1	63.25	62.6
63.5	64.3	63.1	63.25
63	63.5	64.3	63.1
63.55	63	63.5	64.3
61.95	63.55	63	63.5
62.9	61.95	63.55	63
62.75	62.9	61.95	63.55
60.65	62.75	62.9	61.95
60.45	60.65	62.75	62.9
61.2	60.45	60.65	62.75
62.3	61.2	60.45	60.65
62	62.3	61.2	60.45
62.4	62	62.3	61.2
61.7	62.4	62	62.3
63	61.7	62.4	62
61.95	63	61.7	62.4
61	61.95	63	61.7
61	61	61.95	63
60.3	61	61	61.95
59	60.3	61	61
58.7	59	60.3	61
60.1	58.7	59	60.3
57	60.1	58.7	59
57.55	57	60.1	58.7
57.4	57.55	57	60.1
57.75	57.4	57.55	57
59.8	57.75	57.4	57.55
58.6	59.8	57.75	57.4
57	58.6	59.8	57.75
58.25	57	58.6	59.8
59.9	58.25	57	58.6
56.2	59.9	58.25	57
53.4	56.2	59.9	58.25
55.1	53.4	56.2	59.9
53.55	55.1	53.4	56.2
50.65	53.55	55.1	53.4
52	50.65	53.55	55.1
51.7	52	50.65	53.55
50.1	51.7	52	50.65
51.7	50.1	51.7	52
51.5	51.7	50.1	51.7
50	51.5	51.7	50.1
48.7	50	51.5	51.7
51.1	48.7	50	51.5
53.8	51.1	48.7	50
54.5	53.8	51.1	48.7
55.45	54.5	53.8	51.1
56.65	55.45	54.5	53.8
57.4	56.65	55.45	54.5
55.15	57.4	56.65	55.45
54.85	55.15	57.4	56.65
54.8	54.85	55.15	57.4
53.1	54.8	54.85	55.15
54.65	53.1	54.8	54.85
54.95	54.65	53.1	54.8
55.2	54.95	54.65	53.1
55.6	55.2	54.95	54.65
57.05	55.6	55.2	54.95
56.75	57.05	55.6	55.2
55.85	56.75	57.05	55.6
54.5	55.85	56.75	57.05
53.1	54.5	55.85	56.75
53.15	53.1	54.5	55.85
55	53.15	53.1	54.5
53.4	55	53.15	53.1
54.75	53.4	55	53.15
56.2	54.75	53.4	55
55.95	56.2	54.75	53.4
56.35	55.95	56.2	54.75
55	56.35	55.95	56.2
55.6	55	56.35	55.95
55	55.6	55	56.35
54.6	55	55.6	55
55.85	54.6	55	55.6
54.7	55.85	54.6	55
54.2	54.7	55.85	54.6
53.8	54.2	54.7	55.85
53.95	53.8	54.2	54.7
54.4	53.95	53.8	54.2
55.5	54.4	53.95	53.8
57.5	55.5	54.4	53.95
58.25	57.5	55.5	54.4
57.55	58.25	57.5	55.5
56.85	57.55	58.25	57.5
57.5	56.85	57.55	58.25
58.55	57.5	56.85	57.55
58.5	58.55	57.5	56.85
60.5	58.5	58.55	57.5
60.5	60.5	58.5	58.55
60.35	60.5	60.5	58.5
59.5	60.35	60.5	60.5
58.55	59.5	60.35	60.5
59.25	58.55	59.5	60.35
58.2	59.25	58.55	59.5
57.7	58.2	59.25	58.55
57.45	57.7	58.2	59.25
57.75	57.45	57.7	58.2
59.35	57.75	57.45	57.7
59.75	59.35	57.75	57.45
59.3	59.75	59.35	57.75
59.5	59.3	59.75	59.35
59.15	59.5	59.3	59.75
59.05	59.15	59.5	59.3
58.1	59.05	59.15	59.5
58.7	58.1	59.05	59.15
60.05	58.7	58.1	59.05
62.3	60.05	58.7	58.1
62.45	62.3	60.05	58.7
62	62.45	62.3	60.05
60.4	62	62.45	62.3
60.3	60.4	62	62.45
60.5	60.3	60.4	62
62.3	60.5	60.3	60.4
61.5	62.3	60.5	60.3
63.15	61.5	62.3	60.5
63.35	63.15	61.5	62.3
62.75	63.35	63.15	61.5
63.9	62.75	63.35	63.15
63.8	63.9	62.75	63.35
62.9	63.8	63.9	62.75
61.55	62.9	63.8	63.9
61.7	61.55	62.9	63.8
61	61.7	61.55	62.9
61.85	61	61.7	61.55
60.65	61.85	61	61.7
59.75	60.65	61.85	61
60.4	59.75	60.65	61.85
60.2	60.4	59.75	60.65
60.55	60.2	60.4	59.75
60.4	60.55	60.2	60.4
59.9	60.4	60.55	60.2
60	59.9	60.4	60.55
60.15	60	59.9	60.4
60	60.15	60	59.9
59.8	60	60.15	60
58.55	59.8	60	60.15
57.5	58.55	59.8	60
59	57.5	58.55	59.8
59.9	59	57.5	58.55
60	59.9	59	57.5
59.8	60	59.9	59